26 650
1 0 83 
2 0 93 2 1 40 
3 0 129 3 1 53 3 2 42 
4 0 133 4 1 62 4 2 42 4 3 11 
5 0 139 5 1 64 5 2 49 5 3 11 5 4 9 
6 0 151 6 1 91 6 2 59 6 3 46 6 4 35 6 5 39 
7 0 169 7 1 116 7 2 81 7 3 72 7 4 61 7 5 65 7 6 26 
8 0 135 8 1 93 8 2 54 8 3 65 8 4 55 8 5 63 8 6 34 8 7 37 
9 0 114 9 1 84 9 2 44 9 3 70 9 4 62 9 5 71 9 6 52 9 7 59 9 8 22 
10 0 110 10 1 95 10 2 58 10 3 88 10 4 82 10 5 90 10 6 71 10 7 75 10 8 39 10 9 20 
11 0 98 11 1 98 11 2 64 11 3 100 11 4 95 11 5 103 11 6 88 11 7 92 11 8 56 11 9 36 11 10 18 
12 0 99 12 1 89 12 2 54 12 3 89 12 4 84 12 5 92 12 6 77 12 7 83 12 8 47 12 9 26 12 10 11 12 11 11 
13 0 95 13 1 68 13 2 31 13 3 66 13 4 62 13 5 71 13 6 63 13 7 76 13 8 40 13 9 20 13 10 27 13 11 34 13 12 23 
14 0 81 14 1 67 14 2 36 14 3 76 14 4 74 14 5 82 14 6 78 14 7 91 14 8 55 14 9 34 14 10 32 14 11 31 14 12 24 14 13 15 
15 0 152 15 1 127 15 2 86 15 3 102 15 4 93 15 5 100 15 6 66 15 7 54 15 8 37 15 9 43 15 10 42 15 11 56 15 12 53 15 13 62 15 14 73 
16 0 159 16 1 156 16 2 117 16 3 142 16 4 133 16 5 141 16 6 110 16 7 98 16 8 78 16 9 74 16 10 61 16 11 63 16 12 68 16 13 87 16 14 92 16 15 44 
17 0 181 17 1 175 17 2 135 17 3 156 17 4 146 17 5 153 17 6 119 17 7 103 17 8 91 17 9 91 17 10 80 17 11 85 17 12 89 17 13 106 17 14 112 17 15 54 17 16 22 
18 0 172 18 1 152 18 2 112 18 3 127 18 4 117 18 5 124 18 6 88 18 7 70 18 8 62 18 9 68 18 10 64 18 11 75 18 12 74 18 13 87 18 14 96 18 15 26 18 16 34 18 17 33 
19 0 185 19 1 165 19 2 125 19 3 139 19 4 128 19 5 135 19 6 98 19 7 78 19 8 74 19 9 82 19 10 77 19 11 87 19 12 87 19 13 100 19 14 109 19 15 39 19 16 38 19 17 29 19 18 13 
20 0 147 20 1 160 20 2 124 20 3 155 20 4 148 20 5 156 20 6 130 20 7 122 20 8 96 20 9 86 20 10 68 20 11 62 20 12 71 20 13 93 20 14 93 20 15 68 20 16 30 20 17 46 20 18 63 20 19 68 
21 0 157 21 1 180 21 2 147 21 3 180 21 4 173 21 5 181 21 6 156 21 7 148 21 8 122 21 9 111 21 10 92 21 11 83 21 12 93 21 13 116 21 14 113 21 15 94 21 16 53 21 17 64 21 18 87 21 19 90 21 20 26 
22 0 185 22 1 223 22 2 193 22 3 228 22 4 222 22 5 230 22 6 206 22 7 198 22 8 172 22 9 160 22 10 140 22 11 129 22 12 140 22 13 163 22 14 158 22 15 144 22 16 102 22 17 107 22 18 135 22 19 136 22 20 77 22 21 50 
23 0 220 23 1 268 23 2 241 23 3 278 23 4 272 23 5 280 23 6 257 23 7 250 23 8 223 23 9 210 23 10 190 23 11 178 23 12 189 23 13 212 23 14 205 23 15 196 23 16 154 23 17 157 23 18 186 23 19 186 23 20 128 23 21 102 23 22 51 
24 0 127 24 1 179 24 2 157 24 3 197 24 4 194 24 5 202 24 6 188 24 7 188 24 8 155 24 9 136 24 10 116 24 11 100 24 12 111 24 13 132 24 14 122 24 15 139 24 16 109 24 17 125 24 18 141 24 19 148 24 20 80 24 21 65 24 22 64 24 23 93 
25 0 181 25 1 197 25 2 161 25 3 190 25 4 182 25 5 190 25 6 160 25 7 148 25 8 128 25 9 121 25 10 103 25 11 99 25 12 107 25 13 130 25 14 130 25 15 95 25 16 51 25 17 51 25 18 81 25 19 79 25 20 37 25 21 27 25 22 58 25 23 107 25 24 90 
