17 272
1 0 633 
2 0 257 2 1 390 
3 0 91 3 1 661 3 2 228 
4 0 412 4 1 227 4 2 169 4 3 383 
5 0 150 5 1 488 5 2 112 5 3 120 5 4 267 
6 0 80 6 1 572 6 2 196 6 3 77 6 4 351 6 5 63 
7 0 134 7 1 530 7 2 154 7 3 105 7 4 309 7 5 34 7 6 29 
8 0 259 8 1 555 8 2 372 8 3 175 8 4 338 8 5 264 8 6 232 8 7 249 
9 0 505 9 1 289 9 2 262 9 3 476 9 4 196 9 5 360 9 6 444 9 7 402 9 8 495 
10 0 353 10 1 282 10 2 110 10 3 324 10 4 61 10 5 208 10 6 292 10 7 250 10 8 352 10 9 154 
11 0 324 11 1 638 11 2 437 11 3 240 11 4 421 11 5 329 11 6 297 11 7 314 11 8 95 11 9 578 11 10 435 
12 0 70 12 1 567 12 2 191 12 3 27 12 4 346 12 5 83 12 6 47 12 7 68 12 8 189 12 9 439 12 10 287 12 11 254 
13 0 211 13 1 466 13 2 74 13 3 182 13 4 243 13 5 105 13 6 150 13 7 108 13 8 326 13 9 336 13 10 184 13 11 391 13 12 145 
14 0 268 14 1 420 14 2 53 14 3 239 14 4 199 14 5 123 14 6 207 14 7 165 14 8 383 14 9 240 14 10 140 14 11 448 14 12 202 14 13 57 
15 0 246 15 1 745 15 2 472 15 3 237 15 4 528 15 5 364 15 6 332 15 7 349 15 8 202 15 9 685 15 10 542 15 11 157 15 12 289 15 13 426 15 14 483 
16 0 121 16 1 518 16 2 142 16 3 84 16 4 297 16 5 35 16 6 29 16 7 36 16 8 236 16 9 390 16 10 238 16 11 301 16 12 55 16 13 96 16 14 153 16 15 336 
